0 25 30
1 37 50
2 49 71
3 67 104
4 86 108
5 116 85
6 156 69
7 188 73
8 228 63
9 279 84
10 334 94
11 405 91
12 497 114
13 556 132
14 564 184
15 515 227
16 468 292
17 440 380
18 342 475
19 218 611
20 143 758
21 81 897
22 61 965
23 41 981
24 39 945
25 37 841
26 34 669
27 32 521
28 48 375
29 47 278
30 54 194
31 67 163
32 93 141
33 112 129
34 131 140
35 159 115
36 193 115
37 239 97
38 291 81
39 335 96
40 407 111
41 455 129
42 490 156
43 505 198
44 440 219
45 403 278
46 342 365
47 265 488
48 202 544
49 159 596
50 131 629
51 109 703
52 88 673
53 78 628
54 70 585
55 69 518
56 68 472
57 83 468
58 93 422
59 92 400
60 95 391
61 125 347
62 142 296
63 149 328
64 153 332
65 170 373
66 150 410
67 151 406
68 153 411
69 158 419
70 178 483
71 174 522
72 176 529
73 190 540
74 187 472
75 195 491
76 199 485
77 171 471
78 143 510
79 131 546
80 108 554
81 86 581
82 78 580
83 84 559
84 86 495
85 73 440
86 91 387
87 98 343
88 110 330
89 119 310
90 140 287
91 166 290
92 178 255
93 202 242
94 235 238
95 233 258
96 229 269
97 232 267
98 260 280
99 277 330
100 283 422
101 290 473
102 272 504
103 222 561
104 185 626
105 156 699
106 112 704
107 85 749
108 72 764
109 67 776
110 66 773
111 70 718
112 68 617
113 73 490
114 63 401
115 77 353
116 90 349
117 82 315
118 87 288
119 109 266
120 118 258
121 140 271
122 165 313
123 172 309
124 207 284
125 226 302
126 265 355
127 261 388
128 278 400
129 281 398
130 259 420
131 234 472
132 207 581
133 181 649
134 147 675
135 132 696
136 130 703
137 115 716
138 127 672
139 118 568
140 108 502
141 99 463
142 107 483
143 113 496
144 121 460
145 138 416
146 139 393
147 143 371
148 160 318
149 171 283
150 196 318
151 229 366
152 244 350
153 253 339
154 260 382
155 214 435
156 209 472
157 188 513
158 165 544
159 168 570
160 157 663
161 127 674
162 104 638
163 84 629
164 51 642
165 34 681
166 25 645
167 31 560
168 41 511
169 41 399
170 52 312
171 53 269
172 55 174
173 54 139
174 62 127
175 75 99
176 97 102
177 117 111
178 140 95
179 168 114
180 200 112
181 216 109
182 244 128
183 279 172
184 332 215
185 371 211
186 398 248
187 425 305
188 436 292
189 400 327
190 366 345
191 322 429
192 258 463
193 217 505
194 169 563
195 141 579
196 90 592
197 71 600
198 71 563
199 76 540
200 76 469
201 83 431
202 97 405
203 99 326
204 106 323
205 130 321
206 143 357
207 158 356
208 166 351
209 177 315
210 183 380
211 166 415
212 163 441
213 137 460
214 126 511
215 139 550
216 132 600
217 126 620
218 125 558
219 136 510
220 132 491
221 125 479
222 122 439
223 117 428
224 121 447
225 117 455
226 103 454
227 107 456
228 92 422
229 92 430
230 106 428
231 103 437
232 111 398
233 135 376
234 135 385
235 148 397
236 164 337
237 164 300
238 169 299
239 179 342
240 181 345
241 176 422
242 166 436
243 189 480
244 193 524
245 178 578
246 193 586
247 175 541
248 170 553
249 174 617
250 150 658
251 148 676
252 107 675
253 78 681
254 60 688
255 55 736
256 52 698
257 55 659
258 66 646
259 75 545
260 79 453
261 105 349
262 123 230
263 134 193
264 134 195
265 157 180
266 186 183
267 221 197
268 240 192
269 234 197
270 242 222
271 244 286
272 246 347
273 243 382
274 221 407
275 231 441
276 216 514
277 216 539
278 234 576
279 232 631
280 199 637
281 164 563
282 116 561
283 72 575
284 44 604
285 34 711
286 35 663
287 31 627
288 30 529
289 29 402
290 27 317
291 34 275
292 32 228
293 31 250
294 34 157
295 37 161
296 42 137
297 55 132
298 65 119
299 72 97
300 94 89
301 117 86
302 140 71
303 167 73
304 204 77
305 232 76
306 287 83
307 360 89
308 444 84
309 500 99
310 533 124
311 548 140
312 505 163
313 511 204
314 497 260
315 414 274
316 311 314
317 241 351
318 217 366
319 148 414
320 129 402
321 113 414
322 110 434
323 106 429
324 106 399
325 100 403
326 104 441
327 109 475
328 96 452
329 99 391
330 97 374
331 94 425
332 96 408
333 98 440
334 84 451
335 80 431
336 89 465
337 93 431
338 96 401
339 96 342
340 110 331
341 129 322
342 132 320
343 132 323
344 146 331
345 170 330
346 163 366
347 164 419
348 148 433
349 157 427
350 159 466
351 156 484
352 175 433
353 183 458
354 185 485
355 184 477
356 165 476
357 144 403
358 127 394
359 102 396
360 90 409
361 67 447
362 62 469
363 63 464
364 76 445
365 67 407
366 51 365
367 61 317
368 67 323
369 76 351
370 83 318
371 89 280
372 102 247
373 123 230
374 144 244
375 159 267
376 177 297
377 174 283
378 193 311
379 204 314
380 216 333
381 251 354
382 269 416
383 282 447
384 275 463
385 268 512
386 239 568
387 196 654
388 136 739
389 97 805
390 78 756
391 67 773
392 58 780
393 32 709
394 20 654
395 19 554
396 21 485
397 28 375
398 28 308
399 28 217
400 29 144
401 36 87
402 48 76
403 61 69
404 76 73
405 88 49
406 99 56
407 127 32
408 155 32
409 180 39
410 229 47
411 300 45
412 385 53
413 467 60
414 519 64
415 559 74
416 589 87
417 576 101
418 526 124
419 476 150
420 365 157
421 309 188
422 235 253
423 186 288
424 164 324
425 181 381
426 146 405
427 144 388
428 165 418
429 192 352
430 223 366
431 243 317
432 269 291
433 261 274
434 232 302
435 222 310
436 212 330
437 171 395
438 117 462
439 127 495
440 114 505
441 126 490
442 131 483
443 144 454
444 165 399
445 179 373
446 165 367
447 165 387
448 168 384
449 179 399
450 169 415
451 165 415
452 142 450
453 155 481
454 161 519
455 185 573
456 196 528
457 210 496
458 212 472
459 229 480
460 193 535
461 178 558
462 160 588
463 135 711
464 118 680
465 99 736
466 98 688
467 118 676
468 125 594
469 125 519
470 132 489
471 105 430
472 89 424
473 86 437
474 70 460
475 49 471
476 42 416
477 43 383
478 54 373
479 72 334
480 96 275
481 103 165
482 120 153
483 139 131
484 166 115
485 204 105
486 249 126
487 295 153
488 331 178
489 343 225
490 369 233
491 367 298
492 383 341
493 367 364
494 365 427
495 327 467
496 289 496
497 236 598
498 170 673
499 122 667
500 86 711
